45
497
-854
611
205
-724
-832
-588
465
705
347
301
-176
101
797
491
697
-402
-602
-690
-826
-992
-218
321
241
335
403
-346
-90
-236
531
135
-452
387
465
657
-830
-18
-964
-296
-442
313
-598
-618
133
-396
829
-550
517
151
241
63
-862
-178
-104
-104
-232
-226
169
323
-462
701
177
-914
807
-362
-292
-638
-380
257
935
-822
289
253
-160
423
-368
-708
973
-604
859
933
387
-722
-112
-210
827
-344
-436
-996
-386
899
417
283
533
225
645
825
583
-744
-802
-238
-286
-92
491
165
-234
-578
-874
-208
901
453
-142
289
177
-972
499
723
37
-936
439
-142
555
-576
425
89
-520
789
-634
-104
253
437
-342
539
-248
-552
705
483
849
299
691
-752
-752
553
-42
-648
245
261
91
-282
-198
-250
-144
-472
-826
-288
561
347
797
-914
171
51
-352
-232
-310
601
785
-734
803
635
-34
-214
-388
505
767
-150
873
-732
411
-964
15
609
215
159
-800
-760
167
-362
827
-964
-278
-998
-16
349
231
45
669
17
779
473
-372
-532
-688
479
757
175
629
631
907
41
315
-642
369
-250
801
-170
11
687
-252
-838
-652
249
837
669
-598
-70
-714
987
805
-214
461
-896
-746
-868
377
-504
45
7
-854
-952
767
171
595
855
421
117
27
-432
-804
997
-990
-458
247
-828
-846
-564
617
-280
-552
143
-494
15
-40
-960
883
-136
-184
647
-862
-40
601
-630
929
915
-486
351
751
-232
-502
557
-230
493
-734
477
-42
-300
761
-378
-580
-314
521
-794
-48
281
-474
651
417
-658
299
-280
417
619
629
-66
-536
835
417
7
-68
639
-564
299
851
-18
495
-612
-318
257
991
-618
291
-232
-132
339
513
-606
-990
-650
983
-10
649
121
629
-998
187
-884
-834
-324
-892
-902
-682
-176
-920
-534
195
-136
-148
-232
-112
-858
569
403
91
701
743
-324
27
453
693
-730
463
343
851
-94
61
757
697
895
-82
-590
799
483
767
439
19
681
575
885
913
-688
463
203
-92
-554
623
-554
597
651
727
291
-382
191
-354
-952
-4
415
-710
-702
-312
-512
-12
-830
995
779
-270
733
461
565
-338
95
-972
801
-298
65
357
921
339
-954
-292
67
965
393
-258
-320
-346
981
-454
-776
403
-766
289
415
-316
-4
-196
-306
457
-376
871
795
-190
-844
-598
207
-628
-674
-130
967
-348
141
753
-314
535
731
353
-600
713
-808
377
117
575
385
251
611
109
447
917
-566
543
789
-362
733
353
679
941
981
-354
-790
669
703
-650
-142
-18
-186
873
-372
-506
-306
899
-602
423
475
707
-394
805
-816
841
723
-102
-104
-232
-464
-838
585
145
499
287
499
9
675
921
659
817
-940
565
-692
-32
-72
-998
931
-674
-142
-126
101
-536
-932
917
97
-656
-20
-202
889
-204
759
-194
-68
977
481
-286
-986
875
209
-646
-694
-868
-212
387
619
-284
105
-270
-678
247
-396
779
-502
-48
417
-600
-424
-156
521
33
-360
0
227
147
977
-428
-434
-964
-304
-362
611
-998
949
-824
105
569
827
211
839
-506
177
-954
-6
-680
-4
423
0
147
-298
-240
-180
659
-240
-126
525
-218
273
-678
901
-578
41
513
-296
709
57
121
279
-604
51
837
829
-228
793
835
627
-516
977
-346
663
277
-586
-562
655
-826
-688
181
763
-962
579
-384
-260
339
-898
275
-50
-674
-396
-48
279
447
-886
-110
395
399
-664
23
-634
643
-370
-298
639
-956
579
295
503
-986
195
985
-668
-774
371
647
115
-988
923
883
663
39
931
-662
487
-818
491
-882
-218
-156
-624
-852
-518
-994
869
-158
671
-168
-172
893
-156
87
879
543
-580
969
-192
-414
-958
-116
-298
-342
873
231
723
361
-768
215
-962
-706
-90
307
-278
609
-302
867
-486
-692
-36
-378
305
-910
465
-186
455
-764
-156
-366
-180
-834
201
-478
177
75
-428
619
-156
-198
-834
119
-904
-924
-426
901
253
-448
769
459
859
525
837
-166
155
-22
71
329
-786
945
695
-966
-780
-896
165
-676
691
593
-296
847
791
849
685
415
775
113
37
747
-280
-806
207
-140
51
45
25
207
785
-96
-536
573
43
233
259
-542
-848
-424
-938
-540
19
235
107
529
-804
793
-664
-580
625
701
47
905
-508
255
-764
279
19
-790
-486
805
605
23
379
367
-974
-638
-910
543
-782
-568
-802
801
803
-910
331
327
-704
995
907
-330
-416
955
-954
-644
929
719
923
-948
229
-410
473
-554
-152
-852
921
-128
211
551
671
-712
-120
193
-514
643
-104
-564
-970
527
-280
-598
857
-696
273
531
341
203
-252
265
-870
-200
675
345
-754
-828
-916
-396
675
-846
947
-66
559
787
259
-74
431
83
639
-402
-610
919
1
-188
335
-992
719
677
-196
-690
-942
-68
891
-338
413
365
885
-330
761
561
-178
429
-346
737
217
605
531
367
407
889
769
19
-528
-490
207
863
483
645
541
399
337
485
-186
947
-542
599
313
-428
-648
-794
989
545
-942
-336
3
-160
-660
-534
527
69
-424
-16
-806
671
225
-14
535
-428
-378
-796
827
715
-282
-732
663
543
-332
-696
971
699
491
-680
-246
153
17
249
-32
-396
-502
-278
-184
645
13
-990
317
239
723
571
667
103
-368
-214
-818
369
-946
-202
-912
997
-898
-884
-416
109
565
-662
-262
301
-630
13
417
851
291
601
-216
-304
-312
533
543
-754
-824
929
857
193
-862
-396
563
-528
-598
-476
245
-216
81
-662
-44
365
-44
-306
-386
-394
319
803
-246
329
-124
463
633
-436
715
-896
-910
-540
545
-768
-734
409
883
17
-656
201
-212
-902
417
293
-284
-180
-378
-328
-486
-764
-722
-524
287
-688
853
411
-870
207
567
305
-104
-478
-846
-368
965
-300
777
-850
-36
-154
-770
-248
57
907
261
341
-88
639
-388
-294
123
-112
-818
-410
519
-392
-540
-390
-318
-826
695
141
305
261
509
-990
-280
7
-560
-316
161
331
-284
-936
239
545
-996
-328
903
385
-622
745
-216
-160
-156
-454
271
415
563
-308
243
-978
449
-548
-240
-678
539
521
685
-818
-556
565
151
-840
221
-390
-386
-218
437
9
-322
-778
-754
-258
-658
629
431
-648
-46
995
957
289
-974
407
-556
215
-86
815
455
-490
-634
731
-56
785
-572
277
895
-678
-214
-52
687
-256
831
-162
-514
209
791
945
857
837
-660
815
845
635
-942
403
-570
747
219
-744
957
853
-476
-14
359
-768
11
255
447
943
307
853
-200
857
-16
433
67
527
99
-644
365
759
-460
-212
-396
-122
-334
685
589
553
-430
547
-126
907
-280
485
-676
-10
-740
-842
-954
767
-696
155
625
-432
589
-412
959
-688
57
-44
167
-236
-974
563
359
309
249
667
-862
399
215
989
-26
495
475
421
225
935
-264
-180
-422
679
-54
-766
-112
-362
179
-790
769
-954
835
937
-192
-810
-220
-270
121
189
937
-702
-588
871
411
-614
-86
887
-36
311
-542
-300
491
-964
-698
265
731
-530
627
-630
321
117
585
875
55
-496
687
275
-766
527
-464
423
-948
771
-14
361
-386
101
967
141
-412
-510
-160
623
-194
859
607
925
-390
235
275
711
-352
861
-588
-126
-358
-994
121
-844
241
-304
-986
-908
77
-2
-270
-182
103
-956
-324
-234
-186
-484
-576
-380
-344
-184
-26
-734
139
301
-166
-210
881
473
337
241
187
177
-804
147
481
791
-56
-558
793
-46
741
615
721
-66
-850
-908
269
-146
-8
-614
331
-34
-68
-470
55
-952
399
-936
-426
-736
-178
-332
913
701
-198
115
-494
255
673
7
-20
-134
-342
741
-918
911
369
189
-58
-378
-522
389
-412
-590
-578
467
-544
-978
405
689
-434
-302
741
-68
723
939
183
-936
913
575
943
933
-710
5
395
629
-916
-764
537
975
861
-60
-84
275
651
663
461
-914
361
585
323
795
607
65
-582
331
-6
765
-986
-638
-342
-930
-292
771
655
-406
-120
-572
171
-658
-548
-752
437
633
-28
807
-16
-208
-722
-96
513
47
-610
121
-830
-194
171
555
959
-158
195
21
807
487
511
463
893
-632
755
783
-10
-304
255
447
-656
-2
-974
391
211
697
487
-724
463
99
-564
-14
293
-454
569
971
331
483
-712
139
689
-942
-322
-302
-294
-796
805
-304
101
61
471
477
-64
-446
587
993
-862
-794
437
-46
893
-2
-60
905
175
-348
-596
-506
-832
-28
-364
241
971
405
-544
-266
-202
69
-290
23
-130
-480
219
-912
-926
-806
-906
-508
601
-344
-554
-214
65
333
-838
-958
-682
-436
465
-234
183
-830
475
873
-954
-738
141
-158
-526
-150
181
-376
-630
-400
289
-276
925
915
-784
-528
-978
59
461
45
-392
301
-4
793
-456
189
-28
639
-738
223
-514
693
-680
-374
851
-208
-524
751
-584
873
-870
-592
-150
797
-508
653
-326
-488
-712
-506
-252
-824
807
-974
-618
-982
-164
-366
-342
-902
-308
575
-316
707
949
-886
915
193
639
219
67
-510
-812
935
-308
-40
589
353
247
-22
-860
499
565
387
-194
-184
371
-358
269
-432
-980
-296
-8
297
5
-676
-184
639
869
-542
859
655
-54
391
-310
81
-150
899
-154
-398
-640
733
-616
-206
121
-810
-110
211
-888
-98
643
869
395
651
885
-400
47
-788
-758
635
51
337
291
823
447
-320
-904
-598
939
59
715
-580
511
-332
-506
633
-862
-616
563
751
-714
-208
-340
-828
-578
-944
229
345
733
707
-980
503
45
991
327
493
-312
233
-92
-252
11
-526
-552
523
577
59
875
-440
-394
439
-910
109
-366
251
-938
-664
-196
-886
-728
649
313
709
153
359
701
481
-852
733
433
663
-704
163
-190
257
-686
767
35
281
927
429
-440
-838
-258
525
91
197
-908
-6
-802
637
655
117
-348
809
195
-768
-10
-48
-502
443
-430
-208
-606
339
465
13
825
-220
13
753
649
453
593
907
979
403
823
-888
409
-346
527
-784
-182
-594
313
377
363
323
-144
-866
485
-574
793
-810
913
977
-542
-458
-198
275
213
-848
-728
525
475
427
647
-300
-36
775
-646
-282
-560
-828
595
-592
-924
-958
-634
69
-544
-120
-362
-338
-650
-994
317
911
453
515
187
-666
83
635
-910
559
63
-558
859
817
335
225
-818
-614
-772
-414
-208
697
-374
-842
-766
-918
-682
129
-976
-52
-124
-294
963
577
-528
-152
963
-612
787
593
-890
569
871
-750
-388
207
-694
925
-540
467
341
467
165
715
311
-650
353
-712
-498
-330
-764
-622
343
447
-918
-872
-318
601
-204
-106
-196
95
395
-68
-564
-502
993
259
-428
253
445
769
721
329
485
751
979
-558
-464
-478
607
947
819
951
395
-738
543
-714
-60
747
539
-256
561
-934
43
-844
437
755
-822
585
9
-268
355
-730
597
-560
-482
-296
119
665
-774
-726
613
313
397
-728
-770
-940
-162
-830
407
701
805
-968
-356
-848
-532
-512
-604
355
-98
-614
-342
-454
-64
-658
733
547
-954
-852
213
-448
-298
-546
761
-696
275
533
-356
437
83
-764
857
889
-452
-932
-738
-704
165
63
-60
263
-396
403
-436
-460
-62
-888
-726
-736
741
-940
185
759
487
-666
175
481
-918
531
637
-2
15
-214
891
187
-866
-350
891
-32
-132
951
-14
-528
-74
-170
707
855
59
435
-592
-520
95
-496
-280
301
163
455
-782
-82
705
-420
803
-440
353
695
627
-220
-764
519
-252
-896
-190
985
-144
265
-156
-852
839
215
7
-432
735
-102
-928
-734
403
811
-908
-904
893
615
-44
-416
-56
397
113
-402
-618
-596
921
589
-494
-830
575
357
-96
731
-210
-654
-666
935
87
121
-756
735
-856
-878
547
765
783
-160
-100
827
577
-874
-944
-690
277
-282
-6
917
871
-500
749
-448
-858
-564
-898
787
-220
565
443
307
-406
-200
761
263
-80
309
747
-582
-470
567
-130
-48
-442
75
457
-720
357
463
357
229
683
107
-396
261
-672
15
49
611
299
-492
637
705
-412
-400
687
-492
709
-436
75
-898
-722
923
665
165
-998
123
-604
75
-306
-962
-24
-708
-788
-420
969
461
-154
19
791
-454
231
-430
-878
643
-830
567
-854
259
-722
-648
159
445
573
-824
329
291
667
-934
367
-692
-616
391
401
405
-530
371
-586
685
109
-378
-858
-340
-808
737
-702
-358
-24
557
-618
-746
925
-496
-910
499
321
241
-790
-988
-894
-158
-400
511
-268
801
635
799
173
-222
-204
-2
-320
63
61
847
519
-764
207
-544
41
-544
291
-966
41
203
185
81
163
-976
71
-58
853
-190
569
123
-992
923
641
-884
147
845
-886
-186
627
-948
-34
147
-432
959
691
-192
-504
-702
-160
-264
905
345
-346
787
41
-136
845
895
-326
-134
737
319
-58
379
923
923
225
-810
-110
-852
-478
863
0
629
823
411
-822
-48
-114
-982
31
-738
47
377
-526
89
-232
-372
703
559
225
441
597
283
-820
521
-926
-46
-52
37
617
249
619
-336
879
163
747
-702
211
861
-404
-960
319
451
-58
845
259
-290
-936
-962
-568
-162
123
167
165
943
407
-92
-708
-178
847
45
147
-468
-382
27
631
-848
-448
561
-430
-852
241
749
23
299
315
283
-590
-252
-964
159
-134
807
45
299
751
-172
-110
-180
69
957
225
-216
145
607
961
-776
-176
-410
57
-606
263
299
-356
-6
-598
671
-8
907
643
691
-786
777
499
831
795
-252
-722
905
151
-792
-582
-376
727
-728
703
-690
-224
879
101
-282
-486
-84
-300
561
-90
617
-952
-816
-526
-596
-508
313
93
9
863
-888
979
-306
-794
131
99
377
-226
-826
-106
929
-236
-50
-528
-338
-332
733
-422
351
15
231
-968
967
-48
495
283
275
527
-376
-284
-392
265
-264
-698
-778
-114
-516
-156
341
-62
981
989
299
-32
-238
-356
83
-690
497
-434
705
-728
403
673
495
-618
675
-770
-146
-52
-774
257
317
757
-674
-96
-872
909
971
-932
691
953
641
-990
-704
-598
347
-506
-290
-844
-940
995
-292
63
389
-506
-400
65
277
547
-118
-52
523
-154
529
917
969
-402
-546
941
-54
-238
-614
-414
229
-38
-14
295
-544
-304
-858
-204
-300
869
267
689
-376
-668
-474
373
-934
-592
-144
177
-746
673
95
-716
-76
-642
377
-848
-880
991
-264
829
-748
-278
843
293
301
703
497
601
573
765
11
-950
153
485
43
-88
-78
187
983
543
861
-80
979
-656
441
-76
-506
41
787
489
589
-536
-486
-434
-830
787
-856
-328
389
149
-812
119
-100
-684
-604
861
491
401
-50
-476
-664
911
275
363
-568
435
439
793
-476
227
-2
785
-764
-488
-220
-314
-276
795
361
385
-944
175
-504
-764
-578
-110
-626
71
-230
-676
547
-894
-588
541
-976
-876
-976
417
389
-172
-644
-392
957
-128
-880
-178
-442
-158
-692
-804
543
-638
-698
-766
403
277
595
-30
67
-826
707
-614
-440
15
-874
-418
891
851
835
-282
25
199
-674
701
47
-274
599
-208
-432
-292
13
-694
-930
-430
-462
-334
-708
-58
365
775
603
791
-110
45
-806
703
-182
-418
-556
-736
-700
-300
-654
-94
-2
701
-368
601
-910
-520
-894
-642
933
-544
-74
115
879
501
-174
963
995
-496
755
-824
-260
-562
529
-442
-980
-804
179
-400
105
553
213
825
255
301
147
-884
821
-760
-528
755
305
-602
871
903
-822
-764
867
-818
979
623
-644
241
905
-174
683
605
-978
-582
7
-802
-136
-220
347
-110
521
-494
995
-62
973
-524
537
-280
845
-128
-902
-668
611
771
487
591
-114
-850
551
-20
25
-236
345
-722
537
-352
-244
-392
291
-592
221
-532
805
217
313
-780
-460
-850
779
-306
697
-682
693
309
173
-182
-620
-288
751
-172
27
-496
127
-372
219
383
443
183
775
735
775
-716
-986
581
933
-300
81
395
-870
-860
-420
-568
263
115
597
-436
-16
-218
443
767
109
-190
-264
237
-562
203
-620
725
-386
-116
461
-880
-832
167
181
485
467
263
599
57
-124
21
-626
-106
-854
-942
543
589
879
-986
-76
-988
177
341
-226
459
263
-566
185
-368
401
365
249
-234
-532
-430
-438
-718
693
39
495
537
-778
-840
643
-352
783
905
941
663
-612
-18
-652
-508
-78
-598
967
341
165
871
-428
-566
955
677
519
207
827
-676
-926
-240
715
141
-496
213
981
141
565
765
765
507
429
-378
-526
-800
887
-604
399
-574
665
283
447
-812
-568
403
-210
-806
611
-38
-484
257
-996
-918
-398
-494
133
-380
-354
-698
-864
-120
925
13
-218
-452
813
-106
775
-932
-680
-160
-216
-846
973
-504
969
-184
311
581
-940
795
557
-656
715
-674
151
-848
55
-224
-266
-638
345
-192
651
-282
363
465
-388
-858
117
787
737
-334
-354
-430
557
-324
333
-868
-624
-992
665
-182
-650
-100
-856
801
667
-630
27
933
987
91
845
639
-92
927
823
-480
505
941
-986
-244
-994
341
393
-552
-384
727
-140
9
-720
805
909
371
905
485
-892
-292
-116
-638
227
-822
-448
791
-462
-540
-438
-6
739
-944
947
-726
907
661
787
301
-932
-172
747
73
-900
-188
-598
-810
-278
-504
297
171
797
-132
-528
743
955
-976
-254
-418
517
-692
-424
975
637
91
703
-264
471
-210
-566
-404
-382
33
-478
-2
221
77
813
219
-300
111
-390
-816
243
-638
279
199
615
533
337
-852
945
-480
-828
583
-572
251
-848
-44
461
-134
-168
563
885
-646
565
-826
-442
-98
-46
461
209
-436
997
-172
793
277
-90
-410
-530
-146
981
-476
627
529
-778
-918
781
-346
681
961
199
849
-244
-86
215
529
-912
-376
627
-958
-838
-556
-114
-836
-728
-908
-832
537
-38
363
-684
-738
-558
-312
-268
-338
231
-768
-684
-912
731
-884
-482
-694
689
697
-224
-602
75
-852
-280
-632
-128
-394
469
-856
-22
21
-394
-778
-104
797
517
-662
-110
505
1
-60
-274
405
-692
-724
9
175
-420
-698
591
363
-20
-666
-216
-300
-18
63
413
-206
919
155
-228
-34
933
-332
831
171
-994
661
-676
715
-440
669
839
133
395
567
-308
-534
-266
-900
897
5
-286
833
-24
305
-896
-156
511
-536
311
-458
289
-964
-790
839
-854
505
501
531
939
-942
919
779
-794
315
-66
-822
849
-332
-442
467
-56
-728
301
-80
-752
-916
-954
983
453
267
-442
-742
-950
-952
583
805
-458
803
-56
117
465
975
615
979
11
681
-802
579
-732
245
47
-788
-692
67
587
165
-984
-542
149
157
-528
-310
619
-198
263
921
-4
-440
725
-778
-276
-910
-474
891
-890
-204
573
693
783
25
657
-550
813
69
-336
-120
-234
-40
663
-102
-198
-910
413
-536
-110
395
-458
-832
555
-902
331
-550
813
805
443
423
-728
735
835
-512
761
493
781
-294
-282
119
415
-516
877
797
-338
-794
-708
-470
331
-818
865
789
371
-140
-412
-702
691
-226
227
853
369
955
589
205
187
351
-418
969
-646
-700
807
-780
935
-404
-578
-274
-200
287
-744
531
825
-330
41
915
189
453
-618
-880
-398
-564
453
767
-520
-44
-692
-426
-114
829
115
479
-530
641
-260
185
47
-838
-460
247
845
923
497
671
-254
257
-306
-444
-710
-924
-44
-828
-208
-498
-596
-728
261
-8
873
375
837
989
855
87
631
-116
273
-678
-674
-452
-644
-520
-376
861
-910
631
119
217
-794
549
-860
557
-378
69
-56
-974
-516
317
-702
-390
-412
-540
99
-986
-628
731
103
901
129
-496
-354
493
17
-730
355
-646
81
-474
-582
-594
-742
443
153
121
231
927
815
-466
-964
-518
857
377
59
-956
-364
687
407
-186
-308
537
683
-662
31
419
113
105
785
-912
-298
-368
-508
-42
531
-380
163
481
-308
-978
-948
273
497
-806
-650
-276
-482
733
963
-890
-920
273
147
323
-654
-896
461
-486
-2
965
119
19
335
-346
779
585
-726
943
67
35
641
-16
-28
-858
541
397
853
25
-132
817
-634
771
809
781
813
-184
397
275
389
399
-242
-508
137
-296
-854
917
-600
-300
-580
667
55
-940
403
83
799
-944
-480
653
-688
331
191
323
103
719
823
-916
-622
221
911
13
339
-872
-240
477
887
-96
-114
-488
115
-694
-874
-170
635
-278
253
155
-224
453
527
631
-784
437
-674
-888
-876
-498
-524
499
-720
155
-512
-778
-746
753
-256
-634
-568
-370
123
683
783
717
573
139
995
545
-294
-938
-998
-540
571
-784
-978
-246
-392
-574
463
635
-74
-184
791
587
963
-538
-60
-938
-892
347
29
-16
749
-812
733
323
951
449
869
-964
-388
587
-506
-678
-372
-204
643
483
-778
-108
-120
571
11
-630
159
-974
887
937
633
-780
-4
-662
-516
-754
-194
-968
-796
147
-418
385
-830
-526
973
337
205
65
-260
849
549
757
-676
-388
-330
687
19
-208
663
-906
865
-16
-688
869
397
205
343
591
-174
141
457
-312
-526
289
-838
219
345
-762
285
-606
331
-834
83
-8
223
413
-696
-960
341
79
867
207
95
275
77
-492
199
421
-84
-374
281
-542
405
-526
-550
-244
-746
895
725
-32
-502
-58
585
305
-66
-808
-718
-762
769
-60
841
-356
267
-936
-632
-64
-148
831
-204
951
-924
-204
213
-330
-730
763
293
-196
659
-20
-228
881
-796
-532
187
-862
-60
-624
-626
-548
-404
-468
905
-390
125
257
-454
991
807
377
943
733
581
875
-782
-32
639
795
-228
19
-534
-176
619
331
-708
525
-912
769
-150
539
-318
-554
727
-942
-664
571
-200
837
563
727
-216
227
-180
-516
103
681
-548
743
477
-496
481
-730
391
101
-780
-818
-626
-694
307
495
-952
-626
769
-680
-288
-434
-252
-208
-272
535
935
207
-762
-116
-724
-584
797
991
47
-994
207
-528
725
-598
629
-226
-418
-974
-920
725
471
873
71
241
-274
79
675
245
287
-666
-780
223
-874
-262
-58
599
847
855
-310
-894
569
-518
143
15
835
-772
241
-254
-748
-162
699
-938
-754
489
-180
29
-568
-574
993
-574
241
-774
797
-116
-756
-574
-434
323
-150
745
-936
719
-264
-80
-734
-100
-572
975
-74
-40
-856
-492
-978
331
981
159
79
-270
-452
73
-844
693
567
643
-810
-324
-936
963
-366
87
709
303
-526
-692
103
261
-512
675
-956
305
715
813
797
-694
145
779
-572
225
-50
25
17
895
-718
-584
-258
-248
-908
913
213
993
-2
641
-298
247
-54
401
-508
-566
77
465
871
511
-998
669
-206
-862
-168
497
-806
937
-522
-824
-552
959
409
529
927
-38
443
859
-32
-164
501
49
411
555
169
-920
-840
-964
105
-712
-476
-822
101
401
405
-988
-898
-212
645
-140
755
-198
101
-166
727
29
-922
171
-888
673
55
109
723
-466
-384
-892
-106
225
577
-930
657
-54
753
477
-456
159
185
-74
91
-830
215
-846
29
35
731
475
-782
-654
-366
-390
-48
421
499
771
887
-602
383
713
547
-960
-644
923
-734
-398
401
909
277
-306
983
-368
137
917
215
885
-952
947
361
735
321
727
-126
369
149
345
859
-756
947
-962
-470
-214
-642
833
-138
377
-950
259
-6
-228
565
-990
-596
-702
627
531
-588
581
-198
669
-36
-238
397
881
327
-266
227
187
741
893
-868
-930
109
-512
-764
247
-608
715
-506
615
663
-72
325
-260
-494
-952
-510
801
253
427
471
-290
-666
869
-172
993
-854
-118
899
-596
-730
769
-246
839
-282
11
-806
-890
445
313
225
109
105
-550
89
-318
-504
599
-120
757
-28
-592
-766
413
181
657
407
-754
775
-26
-70
-226
795
-316
-66
-796
327
-872
-688
-772
905
913
601
729
-184
-690
-48
-688
9
-168
165
37
479
-932
169
-660
309
295
415
-804
-322
485
31
-118
801
97
915
847
689
323
-340
-314
955
941
-44
-140
351
-92
547
-360
-978
713
117
459
365
-286
-120
393
-582
255
-198
623
459
229
741
-980
-46
-376
547
-454
699
887
-768
375
-548
-812
515
899
623
-782
261
-602
215
-378
-62
-580
383
901
-692
-684
157
891
-308
335
839
51
-316
885
427
-864
-340
-846
471
827
-222
739
-640
-456
639
-264
239
619
867
-454
-716
-648
753
819
-550
447
-504
-426
-58
813
-762
897
583
797
503
729
381
-562
295
853
391
517
-312
-750
693
951
-734
-932
291
321
107
-726
969
579
-546
521
745
-52
-666
-522
-584
429
421
-168
-946
643
-616
-328
-924
-912
-900
35
-430
213
-786
-842
-884
521
495
-894
-842
-602
621
531
-900
169
53
647
939
439
-888
-524
587
29
411
-534
-672
-28
863
317
-940
483
-352
91
697
857
933
301
379
429
-196
-940
-750
817
473
-652
705
245
19
645
403
907
-888
991
937
-300
-526
329
329
109
-646
-988
593
-718
-80
-10
-576
15
-30
675
163
-226
-616
-914
-762
-808
-286
469
773
305
833
177
931
723
169
-588
-742
-696
-918
-72
-524
-284
-780
-836
3
-860
-846
-580
-594
-876
-256
-758
821
591
-392
585
-120
-678
773
893
983
607
71
-634
-50
959
-224
793
375
861
-584
899
-146
365
737
-868
227
303
-168
-540
899
143
-18
721
-734
-410
-26
-854
89
799
467
791
127
-258
427
177
-218
651
-970
593
513
-556
493
-378
921
949
247
867
-254
415
409
-154
-558
-146
875
13
557
621
-586
-646
421
55
-158
-548
313
585
-726
-250
955
-416
843
-188
-972
337
-566
-614
-288
533
-482
261
667
-610
415
945
757
-10
-958
315
631
-264
-680
-772
-38
-838
-40
-70
143
485
-320
99
-902
-164
287
875
221
573
-490
-228
107
-692
489
493
303
623
439
779
633
117
813
-984
-382
-214
-476
-420
53
-516
491
915
3
811
15
905
695
-22
-500
-916
-314
-710
863
421
403
-72
633
425
695
-74
-924
-48
191
-738
751
573
-952
-228
713
725
745
205
641
467
735
375
373
431
397
873
67
711
303
649
851
-706
721
205
851
417
279
-776
185
-470
515
-936
763
-188
-166
-196
-632
-630
-120
-274
-98
855
-368
471
7
485
-64
-792
915
-368
443
487
793
165
-692
645
-302
971
141
487
161
-376
-424
643
-564
309
839
915
939
959
-190
-38
535
277
-228
261
-762
-12
-54
679
99
-216
885
611
-382
-578
-976
403
269
-118
-890
-430
-494
-34
793
777
-344
633
693
3
313
-602
-42
567
-880
-988
-828
-362
719
601
-760
-818
-818
-646
431
919
225
-408
323
-494
245
-932
-644
459
-966
-438
237
-30
-790
-650
-34
-104
971
-794
-390
571
783
937
-934
-504
-540
695
-42
-78
343
-192
-716
287
319
-40
-782
565
691
427
25
-658
865
-980
