PARALLEL_TIME	SINGLETH_TIME	SPEED_UP_P/ST	TOTAL_THREADS	ROWS	COLUMNS	TOT_NUMBERS	TOT_ITERATIONS
0,020976	0,03094		1,47502	8	1000	1000	1000000		5
0,045878	0,06881		1,49985	8	1500	1500	2250000		5
0,082904	0,124106	1,49698	8	2000	2000	4000000		5
0,12432		0,19152		1,50054	8	2500	2500	6250000		5
0,178788	0,280582	1,52936	8	3000	3000	9000000		5
0,245344	0,37397		1,52427	8	3500	3500	12250000	5
0,321096	0,492968	1,53527	8	4000	4000	16000000	5
0,403932	0,622018	1,53991	8	4500	4500	20250000	5
0,4998		0,765066	1,53074	8	5000	5000	25000000	5



0,672346	0,76405		1,13639	2	5000	5000	25000000	5
0,584606	0,765088	1,30872	3	5000	5000	25000000	5
0,517244	0,76383		1,47673	4	5000	5000	25000000	5
0,403574	0,765952	1,89792	5	5000	5000	25000000	5
0,534404	0,766526	1,43436	6	5000	5000	25000000	5
0,530746	0,764614	1,44064	7	5000	5000	25000000	5
0,4998		0,765066	1,53074	8	5000	5000	25000000	5
